	dendritic	endothelial	eosinophil	erythroblast	macrophage	monocyte	neutrophil	placenta	tcell	adipose	brain	fibroblast	heart	hepatocyte	lung	mammary	megakaryocyte	skeletal	small	unknown1
als1	0.018166749392774566	0.005501795496617353	0.025985696171165303	0.04668409629962524	0.041089763216248756	0.06222778005066805	0.29985735017888965	0.01082684184609848	0.006853721097405958	1.5029756241986783e-12	4.8119641365293704e-15	0.01765817942013912	3.124889870023636e-10	2.7130707334609956e-14	7.92900054698394e-14	5.640773108521288e-12	0.11393458745163602	0.01083173510519478	0.1732661231362894	0.16711558081750333
als10	0.03564011559465941	0.027571258872627482	0.04628775839708906	0.1288841460502907	0.09600797579959514	0.07781638308966655	0.26597585300658366	0.024865797992074945	0.021943537215540657	3.852926005204809e-07	1.2209931033689499e-06	0.021270313028307997	8.407408804573309e-08	2.005036469287518e-06	1.5845265633019088e-07	0.00032067301520214526	0.01427006028330572	0.04583007918021681	0.08833148445752986	0.10498071016839229
als11	0.03955769949868479	0.005431023188483215	0.124780640219343	0.027722415978878978	0.0885075454139743	0.07024371856018675	0.1386138091642296	0.031197734995147334	0.04550827812066108	1.736087442878978e-11	8.084952374540713e-13	0.024241323460709313	1.7927760192150472e-10	8.471269398801758e-13	1.0445224997853613e-12	2.6989156632460342e-08	0.18366706898927632	0.0015168279338233412	0.047145916639188414	0.17186597064891806
als12	0.07390001477971149	0.01016212793137596	0.07178747900054441	0.05931141969811341	0.017988228847096385	0.05766586379454123	0.22768421149271617	0.007876482583332624	0.009382853930684323	8.855717463042445e-15	3.811930022490152e-16	0.014707205384493516	7.202256823038626e-12	1.4626918850148088e-13	2.3715030726774403e-15	2.1045939837833077e-10	0.2172256238873212	0.012750995985451131	0.02702905833193825	0.19252843413486034
als13	0.02735518223716514	0.019248140764463864	0.07740032661120572	0.028320914066877555	0.07737732777463101	0.06490548417365173	0.13414105797986794	0.0018336295336522314	8.865786213334342e-05	0.04706933471740077	0.010290872377387081	0.051930338446841674	0.005106511448957314	0.0019446819295013268	0.03134261862939708	1.4402213651633559e-05	0.03705262008339331	0.002375844248548558	0.03551671236727559	0.34668534253399713
als14	0.03563570841123651	0.09353647168764617	0.052694913566974914	0.09135574289024254	0.053550448942185115	0.06369068098557043	0.2029253289760219	0.007420858136521031	0.008803970301541566	2.7072876031022656e-06	9.682572292989717e-08	0.010547424383795032	1.0399819027287177e-05	2.050572558174939e-08	2.9202696455884457e-08	9.718702377654352e-07	0.15636841975220317	0.019973256922896372	0.03873037684850714	0.1647521726836451
als15	0.040105010295836005	0.003797971846842649	0.038753486695632854	0.08763627222981402	0.00999400529172273	0.07220186716252425	0.23550614116161453	0.00702080086290921	0.023238314713768162	2.3028183824306975e-12	2.6349154741296678e-15	0.013085339819749839	1.5020785960657136e-10	9.978921126500663e-14	1.1985234152722885e-14	3.6800990157534817e-13	0.20851843924307467	0.10237577455420867	0.06378689988863902	0.09397967608067014
als16	0.013929031070828466	0.024485708266707	0.050062050616323066	0.11802292307920895	0.05102695040776492	0.07138081896013637	0.25442689736159413	0.007978595404635188	0.008395761913814402	0.0003354708691982125	0.024537716732615896	0.009363342466935655	0.006732486030864107	0.0007456615094661026	0.0002871372888338176	0.008880220607901501	0.14805527120229278	0.004301426016948182	0.05758320347371944	0.1394693267202118
ctrl17	0.031347631966444994	0.003947965401481227	0.11028980959389532	0.059684344090693266	0.04190381413735386	0.02913389383115365	0.34101253698166817	0.019359573186604164	0.010504394305033193	1.687398877873427e-05	1.2254961221657952e-05	0.00301736309788257	0.003747766717099728	6.71072214381247e-08	1.4687085559751307e-05	6.315676615812141e-10	0.05331060357675932	0.018877678754299246	0.010291646445008195	0.26352709414027364
ctrl18	0.015964571995279616	0.017838351393140647	0.03500529873609351	0.07470144356976216	0.034993564222739686	0.08622787100051851	0.2760129255224205	0.02292296744660793	0.0539811673651895	5.797442858065488e-13	1.5501590748396958e-14	0.0002763465408854672	1.566298051549095e-11	3.7751245058652017e-14	2.9252786808721214e-13	7.094453805237778e-10	0.15960718414308914	0.007128965189417998	0.12176088320014276	0.09357845894867865
ctrl19	0.040055407082636385	0.020895560772422633	0.03615062598598536	0.04641964257364128	0.025827333210671082	0.1496323942426365	0.19774255604593088	0.04613150379760111	0.0005700294196646313	3.0828111716682793e-06	9.789809438246987e-06	2.6817335026343982e-05	3.875606812695569e-06	0.00012323814624864903	1.4103734985033866e-05	0.001736353540523297	0.177319143526672	0.003162710271739026	0.0675402025030494	0.18663562958314392
als2	0.035814904946146475	0.00816083176651259	0.06557015294689036	0.13822175893422228	0.05324798722777524	0.06344945693095784	0.024933407537480634	0.00827496549345638	0.03596744647178432	1.9297221773903147e-09	4.605323538183837e-07	0.020811296475337904	9.486226372760499e-08	2.333985222590451e-06	4.7042666903268403e-07	0.0007023542879045333	0.20694963129262128	0.0003222559563769019	0.054096016729377076	0.2834741712669248
ctrl20	0.06624106411947783	0.010559513849053074	0.03447757141104447	0.13095324209326642	0.017644991225777708	0.05421346388602053	0.5315378408416934	5.997015743319904e-05	0.029658027060283337	6.970171246463006e-11	1.8432432685852273e-07	4.5258810807889744e-07	8.046996037895126e-13	4.065803650340538e-06	1.1958745566686637e-07	0.008697911564034476	0.08285288522657303	0.0004710926587660777	0.030614217171010562	0.0020133863615185133
ctrl21	0.0424441546654986	0.022155511187423458	0.08470263613245338	0.1107240067945809	0.01785712679232028	0.03593397620587424	0.4838341086619056	0.005327842741527514	0.026435104135975898	1.6543743056312616e-07	3.6590746890533894e-07	2.0876549930001063e-06	8.609526142334166e-09	0.0007108597930305377	0.00034333948765591577	5.832772336023137e-05	0.08863288924097472	0.00035994787487033563	0.025694961067304588	0.05478257988582516
ctrl22	0.019753625404251702	0.02236117985386267	0.0388182662321282	0.07564705430892456	0.0010916901710706342	0.02453145061083125	0.6286440416627008	0.030544216973725405	1.8063546177979143e-06	1.0790125867743223e-23	1.6767363315491598e-27	3.584665796445311e-05	2.8122628262735835e-15	4.147088504400231e-26	2.8372741254759042e-27	4.3316133884692515e-23	0.058675508493324716	0.014359131508151952	0.059905452248983554	0.025630729519459397
ctrl23	0.08156535705801359	0.001949093523287444	0.0349512740728125	0.03158304317053978	0.05573246163075726	0.010709938366273914	0.0011297418907533947	0.00585152195152263	0.017256150899432665	4.354425071404096e-07	0.00024806266654985715	2.478363672261993e-06	1.3012058806124648e-07	2.4375514419720466e-06	9.366282546088598e-05	6.558398137215765e-07	0.04004964665285916	0.00012371382098711316	0.0005751279107943922	0.7181750662419323
ctrl24	0.04774645984558592	0.03711526017831613	0.05781317725425228	0.054400896287465014	0.10896457151595337	0.08684789864984177	0.09649486212099946	0.00569333375000197	0.027666666742165752	4.745038183808776e-06	2.1161361769748686e-07	0.000674293980968536	3.045870075107505e-05	2.189961231515668e-07	6.432091884165679e-07	2.874525210555117e-07	0.10737895806379112	0.005985637592774556	0.10813505301778778	0.2550463659897111
als25	0.006544560345554061	0.014278950053518551	0.0452776868010344	0.05502327006398277	0.017542714028201224	0.06608663666880715	0.5155896523732494	0.00044332835111080644	0.0009063518987686736	8.851697663472071e-08	1.5028675500609978e-10	0.002593315639450869	6.338280474092087e-05	8.882893798924272e-12	4.63575884518271e-10	4.807371468158729e-11	0.11894307161100658	0.0157520523708136	0.007463803412773175	0.13349113438919213
ctrl26	0.043437873254916826	0.04046351070067912	0.07068576196860614	0.18213916969444716	0.038025082496442035	0.11152233446580372	0.18135008817510845	0.0016554049287455291	0.03014099593901122	1.180067465228981e-24	3.665595948190461e-28	0.017195253112638	8.464857519670743e-20	4.682083411568599e-25	6.911320965598734e-27	1.1526525247957328e-20	0.03187533395682909	0.011183167403142694	0.08430139327740249	0.15602463062622754
als27	0.04128608879148908	0.05681120082884597	0.052150262883748175	0.21803268099412784	0.018658819830754125	0.029939409701029297	0.1462746444756606	0.0032778863489865855	0.012702604527982832	2.1947960267198575e-16	7.38835449052887e-18	0.015219508153865326	8.455104967376453e-15	5.185376964882533e-13	9.777678775274977e-17	3.261594307788649e-10	0.23279815458282302	0.02064489736849157	0.01110810813112706	0.1410957330543817
ctrl28	0.015817927462542812	0.01619940973786615	0.051415420066159	0.2424502049868591	0.007875595437163187	0.1349560065814167	0.22819773675564609	0.015634724616812944	0.015465430905211424	1.2879005865675017e-22	2.6115346471639015e-26	0.0060521336638756805	4.820126224256532e-17	5.8063933331831205e-24	2.0602306083085732e-25	6.031128722987635e-19	0.07102261548745949	0.029689583873280627	0.10812437606987739	0.05709883435582938
als29	0.015620175651350297	0.05832227588716191	0.055090313699826976	0.0297065861899267	0.04067526288623687	0.029442171473621912	0.30684749098969866	0.002793765261237079	0.0036078786844774835	9.675182356688676e-08	2.8977368551720684e-08	1.0825016537756872e-05	0.00010256151161306682	9.332220482702465e-10	2.0630311325043202e-07	3.128278131400294e-05	0.18075295902408559	0.030972864335150726	0.005282654077902617	0.24074059956433094
als3	0.018519504652435775	0.054675669146607715	0.04769883776032799	0.10410683579483954	0.058821249403639204	0.15955620635249543	0.16095554671241086	0.012190285077023421	0.01796076893974	2.957960648652652e-14	2.0054467059701804e-17	0.015951498394570964	6.019299910662993e-12	6.681307672676601e-15	7.298407087444813e-17	1.2638729845135905e-13	0.19490594059473793	0.002506845091755789	0.06582427907777876	0.08632653299545445
ctrl30	0.021545500027407457	0.020193837788318885	0.09875885236173741	0.015169527656579139	0.03148077373101629	0.030784660794028255	0.08280619000363501	0.00018662084835203578	0.02724647042539698	0.0027787527980748417	1.0708366912024556e-05	4.2531710058702725e-09	2.012173623602649e-05	5.821436260627405e-08	0.00022436812031706517	5.05678967224443e-11	0.026743041414525492	3.1691402504395584e-06	0.012305971701519538	0.6297413705675916
als31	0.055047819215281464	0.059002884905154825	0.025992739583260045	0.06849585467395378	0.018703935464421974	0.17878831746498658	0.13793238338599106	0.0028967283847927223	0.01288984257291919	2.0779336666277815e-05	2.6023229791984982e-08	0.026168267307694323	0.00019419821555977112	2.6899977889222896e-08	1.336259775851253e-07	2.4712622415396258e-05	0.07051586427994055	0.0007844372880769558	0.018571596242813397	0.3239694525068863
ctrl32	0.0416746846522106	0.019226742405013847	0.08078575347085125	0.046612817982933596	0.0638479250579695	0.11510878527095433	0.14817123325621898	0.005744658911206374	0.012415338572273206	1.874543653098537e-12	1.0017457934446165e-14	4.98957844548947e-06	9.215347504324499e-10	1.2752727457586645e-13	2.726573038383766e-13	1.3222805637339598e-10	0.05404950977081113	0.059565608691432924	0.004645383451536966	0.3481465678720943
als4	0.03345467149793466	0.004222267440619677	0.03296210363174503	0.05092336318451299	0.005959485219332393	0.017284013404494016	0.7178328372055462	0.009585234274062989	0.01791676560583199	1.3319446991172326e-05	3.472854480481974e-05	0.0020509950360568046	3.953523777233401e-05	1.0359114288376003e-05	8.13525746852093e-06	0.0006794222287781439	0.08775779152322574	0.0002767975688332849	0.016579800618088517	0.002408373959612196
ctrl5	0.08526143154499935	0.009594678240078624	0.0513106747139323	0.06252711761877708	0.007371015592730783	0.05034949023389441	0.28303682617818404	0.010072831483098692	0.004158483058513466	2.3778675149414452e-14	3.674515762967678e-17	0.00432052765940124	5.124794884373654e-10	2.1926939194350527e-15	3.6558691987662023e-16	3.24440271351754e-11	0.21648555632834068	0.0049529054055918835	0.04655217080463253	0.16400629059287522
ctrl6	0.015761794525814114	0.005698342717005134	0.039232229515566694	0.09429746055901687	0.046927359147223145	0.03544582863786656	0.041501645398366725	0.0034257518159578845	0.004307371217374601	4.3899740565218663e-07	1.8157676160777328e-05	0.005665843214453667	0.0006547702627214327	5.068648098794472e-08	1.6053799938425684e-07	2.9855448000355174e-08	0.19347763703022614	0.003862438138988799	0.015337866875438099	0.4943848231904855
ctrl7	0.018218603884028708	0.09189215674015808	0.07917664283203171	0.11231792425819916	0.08174927615544873	0.06653427436671638	0.24113710034932062	0.0067527343427828046	0.03169996770005019	7.737716923648739e-14	6.599192436244187e-18	5.822557112710487e-05	3.618325240616487e-11	1.2543425072379024e-17	3.3482075588865893e-17	5.2200379911926505e-17	0.15394132154962373	0.0005697353227742505	0.004875606397639051	0.1110764304938388
ctrl8	0.10284313992938768	0.0450197824334457	0.03612055401801889	0.07800690441542392	0.026300217370063765	0.03125705114941524	0.44053165800173266	0.012233690464434946	0.015883965115429506	1.8741973417198815e-20	7.45002192704151e-24	0.0013507985946896147	7.485066850313809e-17	2.2452854808602946e-19	1.955662762881102e-22	2.277863281457328e-14	0.07905911077232151	0.006609732961833566	0.07420019313135694	0.050583201642423366
als9	0.014534418822725836	0.03352366693546121	0.04933954561709751	0.014739973244354146	0.0036773672161489676	0.102225576112905	0.4729844954454927	0.0027901095937920136	0.00836387838402245	1.8052520745923954e-05	3.0387838035935174e-05	0.01167749111308354	9.337537630664846e-05	1.915333721133812e-06	4.1319214926187506e-05	7.616748030405543e-07	0.056499195730187905	0.06595838550568887	0.009390988244969874	0.15410909607553092
